         [38;2;0;0;0m▄▄▄    ▄▄▄    ▄▄▄
        █[38;2;81;135;241;48;2;81;134;240m▀ ▀[38;2;0;0;0;48;2;81;134;241m▀[38;2;0;0;0;48;2;81;135;241m▀▀▀[38;2;57;93;171;48;2;81;135;241m▀█▀[38;2;0;0;0;48;2;81;135;241m▀▀▀[38;2;0;0;0;48;2;81;134;241m▀[38;2;81;135;241;48;2;81;134;240m▀ ▀[48;2;0;0;0m [49m
        [48;2;0;0;0m [38;2;81;134;240;48;2;81;135;241m▀[38;2;81;134;240;48;2;57;93;170m▀[38;2;81;134;240;48;2;57;93;171m▀[38;2;57;93;171;48;2;0;0;0m▀[38;2;0;0;0;48;2;169;227;255m▀[38;2;0;0;0;48;2;169;226;255m▀▀▀▀▀▀▀[38;2;0;0;0;48;2;169;227;255m▀[38;2;57;93;171;48;2;0;0;0m▀[38;2;81;134;240;48;2;57;93;171m▀[38;2;81;134;240;48;2;57;93;170m▀[38;2;81;134;240;48;2;81;135;241m▀[48;2;0;0;0m [49m
         [38;2;0;0;0m▀[38;2;57;94;172;48;2;0;0;0m▀[38;2;0;0;0;48;2;169;227;255m▀[38;2;169;227;255;48;2;200;243;254m▀[38;2;200;243;254;48;2;169;226;255m▀       ▀[38;2;169;227;255;48;2;200;243;254m▀[38;2;0;0;0;48;2;169;227;255m▀[38;2;57;94;172;48;2;0;0;0m▀[49m[38;2;0;0;0m▀
     ▄▄▄  █[38;2;201;244;254;48;2;169;227;255m▀[38;2;169;226;255;48;2;82;167;234m▀[38;2;84;167;234;48;2;255;238;221m▀[38;2;86;168;234;48;2;82;167;234m▀[38;2;85;167;234;48;2;255;238;221m▀[38;2;85;167;234;48;2;82;167;234m▀[38;2;255;238;221;48;2;255;237;221m▀[38;2;85;167;234;48;2;82;167;234m▀[38;2;85;167;234;48;2;255;238;221m▀[38;2;86;168;234;48;2;82;167;234m▀[38;2;84;167;234;48;2;255;238;221m▀[38;2;169;226;255;48;2;84;167;234m▀[38;2;201;244;254;48;2;169;227;255m▀[48;2;0;0;0m [49m [38;2;0;0;0m▄▄▄
     █[38;2;184;220;240;48;2;185;220;240m▀[38;2;241;254;255;48;2;184;219;239m▀[38;2;0;0;0;48;2;241;254;255m▀[49m[38;2;0;0;0m▄[38;2;0;0;0;48;2;170;227;255m▀[48;2;169;226;255m [48;2;255;237;221m  [38;2;255;238;221;48;2;0;0;0m▀[38;2;255;237;221;48;2;0;0;0m▀███▀[38;2;255;238;221;48;2;0;0;0m▀[48;2;255;237;221m [38;2;83;167;234;48;2;255;237;221m▀[38;2;170;227;255;48;2;169;226;255m▀[38;2;0;0;0;48;2;170;227;255m▀[49m[38;2;0;0;0m▄[38;2;0;0;0;48;2;241;254;255m▀[38;2;185;220;240;48;2;184;219;239m▀[38;2;185;220;240;48;2;128;153;210m▀[48;2;0;0;0m [49m
      [38;2;0;0;0m▀[38;2;128;153;210;48;2;0;0;0m▀▀ [48;2;170;227;255m [38;2;84;167;234;48;2;85;167;234m▀[48;2;255;237;221m  [38;2;0;0;0;48;2;255;237;221m▀▀   ▀▀  [38;2;84;167;234;48;2;85;167;234m▀[48;2;170;227;255m [48;2;0;0;0m [38;2;241;254;255;48;2;0;0;0m▀[38;2;127;153;209;48;2;0;0;0m▀[49m[38;2;0;0;0m▀
  ▄▄[38;2;0;0;0;48;2;241;254;255m▀[38;2;0;0;0;48;2;184;220;240m▀[49m[38;2;0;0;0m▄▄ ▀[38;2;170;227;255;48;2;0;0;0m▀[38;2;84;167;234;48;2;170;227;255m▀[38;2;255;238;221;48;2;0;0;0m▀[38;2;255;237;221;48;2;255;238;222m▀██[38;2;0;0;0;48;2;255;238;222m▀▀▀[48;2;255;237;221m  [38;2;255;237;221;48;2;255;238;222m▀[38;2;255;238;221;48;2;0;0;0m▀[38;2;84;167;234;48;2;170;227;255m▀[38;2;170;227;255;48;2;0;0;0m▀[49m[38;2;0;0;0m▀ ▄▄[38;2;0;0;0;48;2;184;220;240m▀[38;2;0;0;0;48;2;241;254;255m▀[49m[38;2;0;0;0m▄▄
 ▀[38;2;241;254;255;48;2;0;0;0m▀▀[38;2;184;219;239;48;2;128;153;210m▀▀[38;2;128;153;210;48;2;0;0;0m▀[38;2;129;154;210;48;2;0;0;0m▀[49m[38;2;0;0;0m▀ [38;2;2;2;2m▄[38;2;0;0;0;48;2;255;255;255m▀[38;2;2;2;2;48;2;255;255;255m▀[38;2;0;0;0;48;2;255;255;255m▀[38;2;0;0;0;48;2;77;132;242m▀[38;2;0;0;0;48;2;255;255;255m▀▀[38;2;0;0;0;48;2;238;93;84m▀[38;2;0;0;0;48;2;255;255;255m▀▀[38;2;0;0;0;48;2;77;132;242m▀[38;2;0;0;0;48;2;255;255;255m▀▀▀[49m[38;2;0;0;0m▄ ▀[38;2;129;154;210;48;2;0;0;0m▀[38;2;128;153;210;48;2;0;0;0m▀[38;2;184;219;239;48;2;128;153;210m▀▀[38;2;241;254;255;48;2;0;0;0m▀▀[49m[38;2;0;0;0m▀
    ▀▀ ▄▄ [48;2;2;2;2m [48;2;255;255;255m   [38;2;77;131;242;48;2;78;132;243m▀[38;2;255;255;255;48;2;239;95;84m▀[38;2;238;93;84;48;2;238;95;86m▀[48;2;255;255;255m [38;2;238;93;84;48;2;238;95;86m▀[38;2;255;255;255;48;2;239;95;84m▀[38;2;77;131;242;48;2;78;132;243m▀[48;2;255;255;255m   [48;2;0;0;0m [49m[38;2;0;0;0m▄▄ ▀▀
     ▄[38;2;0;0;0;48;2;241;254;255m▀[38;2;241;254;255;48;2;184;219;239m▀[38;2;185;220;240;48;2;128;153;210m▀[48;2;0;0;0m [49m[48;2;0;0;0m [38;2;0;0;0;48;2;255;238;222m▀█[38;2;51;85;155;48;2;51;85;156m▀[38;2;80;133;243;48;2;81;133;242m▀[38;2;79;133;242;48;2;81;133;242m▀[38;2;79;132;242;48;2;81;133;242m▀[38;2;79;133;242;48;2;81;133;242m▀[38;2;80;133;243;48;2;81;133;242m▀[38;2;51;85;155;48;2;51;85;156m▀[48;2;0;0;0m [38;2;0;0;0;48;2;255;238;222m▀█[49m█[38;2;241;254;255;48;2;184;220;240m▀[38;2;241;254;255;48;2;184;219;239m▀[38;2;0;0;0;48;2;185;220;240m▀[49m[38;2;0;0;0m▄
     █[38;2;185;220;240;48;2;0;0;0m▀[38;2;128;153;210;48;2;0;0;0m▀[49m[38;2;0;0;0m▀  █[38;2;255;238;222;48;2;0;0;0m▀ [38;2;51;85;156;48;2;51;85;155m▀[38;2;81;133;242;48;2;79;132;242m▀█▀█▀[38;2;51;85;156;48;2;51;85;155m▀[48;2;0;0;0m [38;2;255;238;222;48;2;0;0;0m▀ [49m [38;2;0;0;0m▀[38;2;128;153;210;48;2;0;0;0m▀▀ [49m
           [38;2;3;1;0;48;2;0;0;0m▀[38;2;44;82;155;48;2;255;255;255m▀ [38;2;75;131;242;48;2;255;255;255m▀ [38;2;75;130;242;48;2;255;255;255m▀ ▀ [38;2;75;131;242;48;2;255;255;255m▀ [38;2;44;82;155;48;2;255;255;255m▀[38;2;3;1;0;48;2;0;0;0m▀[49m
            [38;2;0;0;0m▀█[38;2;0;0;0;48;2;255;238;222m▀▀█[49m[38;2;0;0;0m▀█[38;2;0;0;0;48;2;255;238;222m▀▀█[49m[38;2;0;0;0m▀
             ▀▀▀▀ ▀▀▀▀[49m[39m
